Testing alu2/FPV2.sby:
0.780
0.813
0.978
1.074
1.012
0.956
0.829
0.939
0.952
0.882
0.792
0.796
0.806
0.804
0.856
1.013
0.997
0.941
1.034
0.991
1.084
1.041
1.012
1.036
1.089
1.000
0.803
0.912
0.772
0.835
1.002
1.071
1.092
1.026
1.038
1.080
1.134
1.050
0.899
0.896

Min: 0.772
Max: 1.134
Average: 0.953
Standard Deviation: 0.107

Testing alu2/FPV_assert.sby:
1.394
1.532
1.643
1.851
1.701
1.500
1.473
1.626
1.481
1.603
1.637
1.510
1.584
1.566
1.675
1.838
1.985
3.409
1.911
1.830
1.747
2.138
1.934
2.364
2.235
2.348
2.183
2.361
2.230
2.328
2.532
2.421
2.399
2.098
1.770
1.856
1.821
1.693
1.739
1.841

Min: 1.394
Max: 3.409
Average: 1.920
Standard Deviation: 0.398

Testing alu4/FPV.sby:
0.921
1.178
1.164
1.111
1.181
1.150
1.128
1.139
1.083
1.293
1.344
1.535
1.273
1.094
1.162
1.088
1.114
1.120
1.114
1.144
1.251
1.114
1.144
1.352
1.323
1.111
1.096
1.031
1.187
1.304
1.110
1.331
1.367
1.473
1.245
1.135
1.544
1.368
1.309
1.084

Min: 0.921
Max: 1.544
Average: 1.205
Standard Deviation: 0.136

Testing alu4/FPV_assert.sby:
1.523
1.831
2.299
1.712
1.712
1.916
1.774
1.679
1.716
1.745
1.925
1.736
1.737
2.159
2.111
2.030
2.010
2.077
2.013
2.048
2.082
2.228
2.008
2.110
2.122
2.136
2.181
2.299
2.158
2.139
2.037
2.027
1.996
2.141
2.048
2.123
2.147
2.165
2.968
2.693

Min: 1.523
Max: 2.968
Average: 2.039
Standard Deviation: 0.264

Testing alu8/FPV.sby:
1.541
2.748
1.839
1.443
1.315
1.413
1.435
2.189
1.893
2.020
1.599
1.701
1.568
1.536
1.606
1.614
1.610
1.635
1.573
1.755
1.983
1.558
1.493
1.625
1.543
1.707
1.533
1.425
1.474
1.270
1.556
2.040
1.445
1.273
1.222
1.338
1.205
1.484
1.555
1.352

Min: 1.205
Max: 2.748
Average: 1.603
Standard Deviation: 0.291

Testing alu8/FPV_assert.sby:
3.272
3.315
3.735
3.951
3.942
4.212
4.105
3.466
3.643
3.409
3.307
3.328
3.339
3.520
3.829
3.276
3.334
3.251
3.177
3.409
3.312
3.183
3.293
3.340
3.527
3.504
4.101
4.876
4.032
4.013
3.952
4.172
4.404
4.995
3.908
3.272
3.422
3.435
4.447
3.545

Min: 3.177
Max: 4.995
Average: 3.689
Standard Deviation: 0.462

Testing alu16/FPV.sby:
1.051
1.529
1.276
1.472
1.187
1.236
1.305
1.642
1.703
1.614
1.490
1.497
1.497
1.304
1.171
1.300
1.224
1.280
1.242
1.456
1.482
1.199
1.267
1.180
1.390
1.608
1.417
1.238
1.264
1.184
1.168
1.316
1.783
1.647
1.412
1.409
1.389
1.533
1.418
1.254

Min: 1.051
Max: 1.783
Average: 1.376
Standard Deviation: 0.171

Testing alu16/FPV_assert.sby:
5.525
5.395
5.072
5.652
4.761
4.502
4.563
4.759
4.570
5.975
5.489
5.039
6.293
4.417
5.098
5.846
4.482
4.583
5.076
6.316
4.507
5.119
4.421
4.560
6.197
5.044
4.533
6.198
4.448
4.323
5.171
4.435
4.580
4.939
4.596
4.977
4.412
4.774
4.050
4.108

Min: 4.050
Max: 6.316
Average: 4.970
Standard Deviation: 0.622

Testing alu31/FPV.sby:
0.965
1.172
1.091
1.297
2.039
1.306
1.122
1.457
1.239
1.130
1.173
1.131
1.334
1.162
1.274
1.215
1.244
1.347
1.246
1.356
1.589
1.339
1.287
1.273
1.341
1.263
1.244
1.289
1.292
1.251
1.321
1.341
1.314
1.353
1.409
1.400
1.324
1.556
1.280
1.519

Min: 0.965
Max: 2.039
Average: 1.307
Standard Deviation: 0.170

Testing alu31/FPV_assert.sby:
11.157
10.594
10.951
9.694
10.001
10.619
10.298
11.500
15.278
15.251
15.275
13.464
12.908
14.498
15.354
11.038
10.645
12.021
10.132
11.084
10.008
12.090
9.821
10.210
9.832
9.149
9.821
9.584
9.960
10.581
9.998
9.762
9.923
8.729
9.435
11.957
22.286
12.220
11.855
9.038

Min: 8.729
Max: 22.286
Average: 11.451
Standard Deviation: 2.544

Testing alu62/FPV.sby:
1.254
1.844
1.769
1.729
1.491
1.489
1.574
1.670
1.386
1.560
1.394
1.582
1.862
1.656
1.713
1.586
1.468
1.530
1.676
1.442
1.475
1.444
1.611
1.469
1.690
1.731
1.554
1.608
1.502
1.659
1.460
1.387
1.397
1.824
1.546
1.571
1.461
1.403
1.670
1.764

Min: 1.254
Max: 1.862
Average: 1.573
Standard Deviation: 0.143

Testing alu62/FPV_assert.sby:
25.040
24.549
25.008
26.396
25.379
23.712
29.472
25.336
24.862
25.978
24.031
23.979
26.460
24.084
24.355
24.363
23.205
22.989
23.844
24.677
25.850
27.423
28.750
23.675
23.995
24.120
24.850
23.686
23.470
22.766
23.567
26.794
28.586
28.286
28.659
23.077
24.486
26.466
23.305
24.050

Min: 22.766
Max: 29.472
Average: 25.089
Standard Deviation: 1.788


Testing alu/FPV.sby:
1.277
1.285
1.589
1.311
1.193
1.396
1.469
1.222
1.427
1.207
1.302
1.183
1.185
1.214
1.218
1.220
1.253
1.228
1.334
1.170
1.220
1.334
1.389
1.229
1.313

Min: 1.170
Max: 1.589
Average: 1.287
Standard Deviation: 0.103

Testing alu/FPV_assert.sby:
2.074
2.388
2.383
2.510
2.649
2.655
2.257
2.317
2.337
2.218
2.108
2.244
2.327
2.412
2.190
2.353
2.071
1.799
1.812
2.085
3.055
1.879
1.988
1.856
1.724

Min: 1.724
Max: 3.055
Average: 2.228
Standard Deviation: 0.307

Testing alu/FPV4.sby:
0.975
1.264
1.173
1.297
1.205
1.176
1.263
1.232
1.218
1.211
1.278
1.559
1.684
1.554
1.402
1.429
1.597
1.644
1.669
1.345
1.233
1.223
1.437
1.183
1.172

Min: 0.975
Max: 1.684
Average: 1.337
Standard Deviation: 0.188

Testing alu/FPV4_assert.sby:
2.161
2.304
2.474
3.187
3.222
3.021
4.650
4.575
3.749
3.077
3.440
3.041
3.254
2.747
3.326
3.105
2.540
3.643
3.846
3.865
3.360
3.086
3.098
2.559
3.032

Min: 2.161
Max: 4.650
Average: 3.215
Standard Deviation: 0.614

Testing alu/FPV8.sby:
1.010
1.224
1.323
1.307
1.222
1.345
1.213
1.427
1.470
1.402
1.190
1.278
1.300
1.204
1.285
1.206
1.206
1.259
1.255
1.192
1.202
1.267
1.203
1.357
1.606

Min: 1.010
Max: 1.606
Average: 1.278
Standard Deviation: 0.116

Testing alu/FPV8_assert.sby:
6.906
6.762
5.390
5.374
6.267
3.977
5.449
3.830
3.997
4.265
3.412
3.613
3.663
3.662
9.244
4.654
4.900
4.949
4.497
3.757
3.587
3.740
4.203
4.236
4.453

Min: 3.412
Max: 9.244
Average: 4.751
Standard Deviation: 1.359

Testing alu/FPV16.sby:
1.048
1.367
1.326
1.342
1.490
2.280
1.938
1.722
2.052
1.684
1.649
1.354
1.395
1.391
1.584
1.478
1.279
1.551
1.728
1.566
1.330
1.620
1.708
1.624
1.612

Min: 1.048
Max: 2.280
Average: 1.565
Standard Deviation: 0.263

Testing alu/FPV16_assert.sby:
4.899
5.295
5.098
5.587
6.617
5.093
6.402
6.198
8.283
6.905
6.103
6.385
8.891
20.983
7.927
9.931
8.595
6.169
7.516
6.897
5.582
5.108
4.902
4.970
5.370

Min: 4.899
Max: 20.983
Average: 7.028
Standard Deviation: 3.223

Testing alu/FPV31.sby:
1.185
1.830
1.692
1.684
1.834
2.292
1.833
1.426
1.363
1.378
1.420
1.665
1.700
1.677
1.727
1.667
1.820
1.724
1.756
1.625
1.590
1.634
1.738
1.669
1.632

Min: 1.185
Max: 2.292
Average: 1.662
Standard Deviation: 0.210

Testing alu/FPV31_assert.sby:
12.926
13.299
10.545
12.839
11.454
10.830
10.540
11.566
10.969
11.023
11.810
12.197
12.583
10.840
11.144
11.051
12.196
14.646
11.337
10.832
11.381
10.065
11.527
11.382
11.216

Min: 10.065
Max: 14.646
Average: 11.608
Standard Deviation: 1.023


Testing alu/FPV62.sby:
2.163
2.321
1.820
1.708
1.472
1.401
1.480
1.625
1.677
1.937
1.543
1.479
1.432
1.416
1.412
1.411
1.488
1.703
1.495
1.713
1.533
1.414
1.495
1.457
1.894

Min: 1.401
Max: 2.321
Average: 1.620
Standard Deviation: 0.244

Testing alu/FPV62_assert.sby:
39.076
34.125
36.660
26.050
29.461
31.473
40.749
28.542
29.667
26.382
26.920
26.371
25.082
27.201
26.430
29.405
36.493
30.363
28.677
29.718
29.705
30.741
35.524
32.123
31.585

Min: 25.082
Max: 40.749
Average: 30.741
Standard Deviation: 4.228

Testing alu16/FPV.sby:
1.530
1.673
1.385
2.129
2.581
2.452
2.176
2.537
2.238
2.112
2.169
2.179
2.097
2.309
2.489
2.527
2.248
2.179
2.163
2.201
2.433
3.139
2.774
2.260
2.231

Min: 1.385
Max: 3.139
Average: 2.248
Standard Deviation: 0.363

Testing alu16/FPV_assert.sby:
7.149
7.683
8.323
7.109
8.179
7.061
8.987
8.976
8.361
7.998
7.717
7.721
12.838
10.276
7.542
8.418
10.483
8.145
7.603
7.174
8.266
7.871
7.478
7.925
7.806

Min: 7.061
Max: 12.838
Average: 8.283
Standard Deviation: 1.279

Testing alu31/FPV.sby:
3.003
2.722
2.977
2.132
2.989
2.546
2.427
2.470
4.138
3.744
3.285
3.146
2.978
2.175
2.734
2.267
2.247
2.147
2.295
2.151
2.370
2.291
2.182
2.492
2.256

Min: 2.132
Max: 4.138
Average: 2.646
Standard Deviation: 0.527

Testing alu31/FPV_assert.sby:
8.151
7.228
8.674
8.185
7.015
7.295
7.900
7.443
6.962
7.194
7.228
9.790
9.849
7.449
9.682
8.051
7.315
8.008
8.151
7.789
7.215
7.431
7.549
8.794
8.057

Min: 6.962
Max: 9.849
Average: 7.936
Standard Deviation: 0.846

Testing alu62/FPV.sby:
2.768
2.374
2.578
2.311
2.412
2.252
2.562
2.418
3.119
3.348
2.937
3.003
3.404
3.061
3.604
2.783
2.819
2.762
2.716
2.580
2.747
2.840
2.891
3.000
2.742

Min: 2.252
Max: 3.604
Average: 2.801
Standard Deviation: 0.340

Testing alu62/FPV_assert.sby:
9.347
12.087
10.108
8.772
7.266
7.290
7.557
7.358
8.668
10.338
9.530
9.418
8.810
9.140
8.632
9.590
7.915
7.185
8.690
9.008
13.015
9.618
10.597
11.104
9.203

Min: 7.185
Max: 13.015
Average: 9.210
Standard Deviation: 1.465

Testing alu62/FPV.sby:
2.504
2.388
2.452
2.618
1.965
1.812
1.848
1.700
1.692
1.916
1.762
1.901
1.698
1.544
1.726
1.544
1.430
1.629
1.704
1.511
1.639
1.472
1.495
1.518
1.520

Min: 1.430
Max: 2.618
Average: 1.800
Standard Deviation: 0.342

Testing alu62/FPV_assert.sby:
33.076
31.767
29.589
31.194
32.003
30.816
31.985
36.073
34.776
31.731
32.977
38.905
33.542
28.982
29.639
26.698
29.667
29.715
34.638
29.862
33.263
27.237
29.486
32.446
34.347

Min: 26.698
Max: 38.905
Average: 31.777
Standard Deviation: 2.773

