Testing robot/FPV.sby:
0.936
1.046
0.829
0.768
0.893
0.864
0.824
0.808
0.779
0.811
0.798
0.797
0.895
0.922
0.837
0.815
0.801
0.803
0.794
0.931
0.940
0.805
0.829
0.934
0.830
0.887
0.800
0.804
0.797
0.800
0.796
0.827
0.773
0.802
0.824
0.787
0.782
0.842
0.806
0.807

Min: 0.768
Max: 1.046
Average: 0.836
Standard Deviation: 0.059

Testing robot/FPV_assert.sby:
0.808
1.171
1.036
1.304
1.235
1.167
1.226
1.290
1.172
1.188
1.024
1.021
1.007
1.002
1.144
1.019
1.031
1.011
1.012
0.997
0.983
1.032
1.215
1.098
1.075
0.976
0.989
0.996
1.224
1.268
1.178
1.174
1.015
1.008
0.970
1.023
1.015
1.030
1.008
1.035

Min: 0.808
Max: 1.304
Average: 1.079
Standard Deviation: 0.109

Testing half_adder/FPV.sby:
0.736
1.086
1.017
0.898
0.862
0.859
0.809
0.875
0.861
0.932
0.882
0.865
0.877
0.976
0.979
0.932
0.920
0.874
1.000
0.985
0.883
0.854
0.852
0.875
0.871
1.301
0.937
1.291
1.270
1.172
1.234
1.147
1.168
1.162
1.043
1.159
1.166
1.215
1.189
1.104

Min: 0.736
Max: 1.301
Average: 1.003
Standard Deviation: 0.154

Testing half_adder/FPV_assert.sby:
1.174
1.531
1.479
1.325
1.269
1.367
1.474
1.352
1.345
1.101
1.159
1.087
1.111
1.135
1.123
1.256
1.321
1.465
1.500
1.824
1.396
1.209
1.253
1.191
1.250
1.334
1.699
2.336
1.523
1.430
1.559
1.320
1.281
1.528
1.486
1.450
1.474
1.515
1.446
1.491

Min: 1.087
Max: 2.336
Average: 1.389
Standard Deviation: 0.227

Testing full_adder/FPV.sby:
0.782
1.016
1.199
1.241
1.141
1.164
1.020
1.221
1.190
1.115
1.176
1.156
1.177
1.192
0.973
0.931
0.961
1.008
0.983
0.949
0.974
0.987
1.042
0.975
1.056
0.960
0.958
1.118
1.048
0.928
0.969
0.983
0.963
1.062
1.069
1.089
1.072
0.920
0.935
0.993

Min: 0.782
Max: 1.241
Average: 1.042
Standard Deviation: 0.104

Testing full_adder/FPV_assert.sby:
1.280
1.472
1.376
1.519
1.474
1.570
1.538
1.464
1.436
1.546
1.466
1.503
1.456
1.451
1.473
1.547
1.452
1.520
1.440
1.554
1.594
1.517
1.372
1.396
1.544
1.482
1.485
1.537
1.593
1.566
1.447
1.525
1.576
1.674
1.441
1.398
1.547
1.730
1.596
1.485

Min: 1.280
Max: 1.730
Average: 1.501
Standard Deviation: 0.083

Testing bit2_adder/FPV.sby:
0.862
1.031
0.997
1.099
1.229
1.175
1.015
1.051
1.288
1.101
1.160
1.221
1.027
0.989
0.994
0.976
0.941
0.971
0.970
1.036
1.223
1.242
1.152
1.204
1.264
1.217
1.286
1.288
1.286
1.215
1.057
0.974
0.998
1.048
0.992
0.973
0.988
1.025
0.993
0.980

Min: 0.862
Max: 1.288
Average: 1.088
Standard Deviation: 0.121

Testing bit2_adder/FPV_assert.sby:
1.675
1.572
1.524
1.576
1.820
1.526
1.522
1.585
1.765
2.898
1.963
1.845
1.692
1.677
1.813
1.656
1.601
1.738
1.666
1.583
1.632
1.646
1.547
1.604
1.533
1.591
1.612
1.569
1.593
1.633
1.593
1.634
1.557
1.636
1.607
1.713
1.581
1.602
1.871
1.615

Min: 1.522
Max: 2.898
Average: 1.677
Standard Deviation: 0.223

Testing bit4_adder/FPV.sby:
1.016
1.308
1.183
1.113
1.109
1.069
1.171
1.364
1.266
1.062
1.055
1.093
1.073
1.095
1.080
1.304
1.386
1.242
1.013
1.080
1.061
1.056
1.083
1.225
1.299
1.326
1.272
1.277
1.292
1.285
1.300
1.287
1.316
1.092
1.105
1.104
1.126
1.104
1.104
1.138

Min: 1.013
Max: 1.386
Average: 1.173
Standard Deviation: 0.109

Testing bit4_adder/FPV_assert.sby:
2.688
2.849
3.030
2.923
2.786
3.197
2.788
3.015
3.050
2.822
3.292
3.187
2.957
3.185
3.546
3.909
3.560
3.521
3.354
4.654
4.446
4.066
5.539
5.673
6.310
4.546
4.211
3.905
4.267
4.081
4.227
3.545
3.549
3.654
3.532
3.454
3.563
3.875
4.440
4.315

Min: 2.688
Max: 6.310
Average: 3.738
Standard Deviation: 0.822

Testing alu2/FPV2.sby:
0.780
0.813
0.978
1.074
1.012
0.956
0.829
0.939
0.952
0.882
0.792
0.796
0.806
0.804
0.856
1.013
0.997
0.941
1.034
0.991
1.084
1.041
1.012
1.036
1.089
1.000
0.803
0.912
0.772
0.835
1.002
1.071
1.092
1.026
1.038
1.080
1.134
1.050
0.899
0.896

Min: 0.772
Max: 1.134
Average: 0.953
Standard Deviation: 0.107

Testing alu2/FPV_assert.sby:
1.394
1.532
1.643
1.851
1.701
1.500
1.473
1.626
1.481
1.603
1.637
1.510
1.584
1.566
1.675
1.838
1.985
3.409
1.911
1.830
1.747
2.138
1.934
2.364
2.235
2.348
2.183
2.361
2.230
2.328
2.532
2.421
2.399
2.098
1.770
1.856
1.821
1.693
1.739
1.841

Min: 1.394
Max: 3.409
Average: 1.920
Standard Deviation: 0.398

Testing alu4/FPV.sby:
0.921
1.178
1.164
1.111
1.181
1.150
1.128
1.139
1.083
1.293
1.344
1.535
1.273
1.094
1.162
1.088
1.114
1.120
1.114
1.144
1.251
1.114
1.144
1.352
1.323
1.111
1.096
1.031
1.187
1.304
1.110
1.331
1.367
1.473
1.245
1.135
1.544
1.368
1.309
1.084

Min: 0.921
Max: 1.544
Average: 1.205
Standard Deviation: 0.136

Testing alu4/FPV_assert.sby:
1.523
1.831
2.299
1.712
1.712
1.916
1.774
1.679
1.716
1.745
1.925
1.736
1.737
2.159
2.111
2.030
2.010
2.077
2.013
2.048
2.082
2.228
2.008
2.110
2.122
2.136
2.181
2.299
2.158
2.139
2.037
2.027
1.996
2.141
2.048
2.123
2.147
2.165
2.968
2.693

Min: 1.523
Max: 2.968
Average: 2.039
Standard Deviation: 0.264

Testing alu8/FPV.sby:
1.541
2.748
1.839
1.443
1.315
1.413
1.435
2.189
1.893
2.020
1.599
1.701
1.568
1.536
1.606
1.614
1.610
1.635
1.573
1.755
1.983
1.558
1.493
1.625
1.543
1.707
1.533
1.425
1.474
1.270
1.556
2.040
1.445
1.273
1.222
1.338
1.205
1.484
1.555
1.352

Min: 1.205
Max: 2.748
Average: 1.603
Standard Deviation: 0.291

Testing alu8/FPV_assert.sby:
3.272
3.315
3.735
3.951
3.942
4.212
4.105
3.466
3.643
3.409
3.307
3.328
3.339
3.520
3.829
3.276
3.334
3.251
3.177
3.409
3.312
3.183
3.293
3.340
3.527
3.504
4.101
4.876
4.032
4.013
3.952
4.172
4.404
4.995
3.908
3.272
3.422
3.435
4.447
3.545

Min: 3.177
Max: 4.995
Average: 3.689
Standard Deviation: 0.462

Testing alu16/FPV.sby:
1.051
1.529
1.276
1.472
1.187
1.236
1.305
1.642
1.703
1.614
1.490
1.497
1.497
1.304
1.171
1.300
1.224
1.280
1.242
1.456
1.482
1.199
1.267
1.180
1.390
1.608
1.417
1.238
1.264
1.184
1.168
1.316
1.783
1.647
1.412
1.409
1.389
1.533
1.418
1.254

Min: 1.051
Max: 1.783
Average: 1.376
Standard Deviation: 0.171

Testing alu16/FPV_assert.sby:
5.525
5.395
5.072
5.652
4.761
4.502
4.563
4.759
4.570
5.975
5.489
5.039
6.293
4.417
5.098
5.846
4.482
4.583
5.076
6.316
4.507
5.119
4.421
4.560
6.197
5.044
4.533
6.198
4.448
4.323
5.171
4.435
4.580
4.939
4.596
4.977
4.412
4.774
4.050
4.108

Min: 4.050
Max: 6.316
Average: 4.970
Standard Deviation: 0.622

Testing alu31/FPV.sby:
0.965
1.172
1.091
1.297
2.039
1.306
1.122
1.457
1.239
1.130
1.173
1.131
1.334
1.162
1.274
1.215
1.244
1.347
1.246
1.356
1.589
1.339
1.287
1.273
1.341
1.263
1.244
1.289
1.292
1.251
1.321
1.341
1.314
1.353
1.409
1.400
1.324
1.556
1.280
1.519

Min: 0.965
Max: 2.039
Average: 1.307
Standard Deviation: 0.170

Testing alu31/FPV_assert.sby:
11.157
10.594
10.951
9.694
10.001
10.619
10.298
11.500
15.278
15.251
15.275
13.464
12.908
14.498
15.354
11.038
10.645
12.021
10.132
11.084
10.008
12.090
9.821
10.210
9.832
9.149
9.821
9.584
9.960
10.581
9.998
9.762
9.923
8.729
9.435
11.957
22.286
12.220
11.855
9.038

Min: 8.729
Max: 22.286
Average: 11.451
Standard Deviation: 2.544

Testing alu62/FPV.sby:
1.254
1.844
1.769
1.729
1.491
1.489
1.574
1.670
1.386
1.560
1.394
1.582
1.862
1.656
1.713
1.586
1.468
1.530
1.676
1.442
1.475
1.444
1.611
1.469
1.690
1.731
1.554
1.608
1.502
1.659
1.460
1.387
1.397
1.824
1.546
1.571
1.461
1.403
1.670
1.764

Min: 1.254
Max: 1.862
Average: 1.573
Standard Deviation: 0.143

Testing alu62/FPV_assert.sby:
25.040
24.549
25.008
26.396
25.379
23.712
29.472
25.336
24.862
25.978
24.031
23.979
26.460
24.084
24.355
24.363
23.205
22.989
23.844
24.677
25.850
27.423
28.750
23.675
23.995
24.120
24.850
23.686
23.470
22.766
23.567
26.794
28.586
28.286
28.659
23.077
24.486
26.466
23.305
24.050

Min: 22.766
Max: 29.472
Average: 25.089
Standard Deviation: 1.788

