Testing robot/FPV.sby:
0.852
0.813
0.800
0.753
0.737
0.843
0.746
0.768
0.853
0.788
0.742
0.739
0.744
0.773
0.798
0.805
0.761
0.780
0.780
0.764
0.722
0.820
0.802
0.777
0.758
0.751
0.764
0.754
0.744
0.756
0.768
0.755
0.732
0.766
0.856
0.799
0.763
0.765
0.754
0.800

Min: 0.722
Max: 0.856
Average: 0.776
Standard Deviation: 0.034

Testing robot/FPV_assert.sby:
0.766
0.925
0.961
1.027
0.911
0.926
0.924
1.118
1.337
2.445
1.341
1.342
1.102
0.997
0.964
0.954
0.976
0.972
1.018
0.944
0.997
1.009
1.016
1.036
1.033
1.013
1.178
1.198
1.037
1.036
1.120
1.129
1.112
1.173
1.098
1.142
1.113
1.167
1.253
1.177

Min: 0.766
Max: 2.445
Average: 1.100
Standard Deviation: 0.252

Testing half_adder/FPV.sby:
0.717
0.943
0.903
0.901
0.931
0.964
1.219
1.204
1.206
1.165
1.205
1.149
0.882
0.932
0.872
0.897
0.903
0.891
0.910
1.026
1.113
0.971
0.893
0.913
0.906
0.916
0.944
0.946
0.946
0.996
0.932
0.929
0.923
0.868
0.926
0.902
0.886
0.876
0.898
0.990

Min: 0.717
Max: 1.219
Average: 0.962
Standard Deviation: 0.113

Testing half_adder/FPV_assert.sby:
0.991
1.219
1.188
1.100
1.104
1.057
1.251
1.279
1.136
1.143
1.087
1.136
1.337
1.708
1.308
1.210
1.364
1.384
1.423
1.180
1.215
1.196
1.169
1.155
1.241
1.138
1.263
1.180
1.184
1.169
1.135
1.163
1.155
1.141
1.200
1.213
1.192
1.162
1.229
1.310

Min: 0.991
Max: 1.708
Average: 1.210
Standard Deviation: 0.119

Testing full_adder/FPV.sby:
0.757
1.149
0.967
0.926
0.908
1.132
1.037
0.899
0.972
0.875
0.889
0.905
0.864
0.877
0.901
1.013
1.042
0.923
0.880
0.918
0.906
1.139
1.664
1.267
1.166
1.139
1.066
0.918
1.136
1.062
0.945
1.087
0.922
0.926
0.923
0.897
0.934
0.900
0.931
0.919

Min: 0.757
Max: 1.664
Average: 0.992
Standard Deviation: 0.153

Testing full_adder/FPV_assert.sby:
1.351
1.882
1.976
1.637
1.314
1.360
1.370
1.346
1.306
1.342
1.300
1.297
1.300
1.514
1.397
1.445
1.423
1.416
1.385
1.344
1.380
1.366
1.354
1.408
1.380
1.300
1.328
1.290
1.322
1.346
1.538
1.780
1.657
1.371
1.448
1.409
1.361
1.315
1.387
1.404

Min: 1.290
Max: 1.976
Average: 1.421
Standard Deviation: 0.157

Testing bit2_adder/FPV.sby:
0.754
0.951
0.892
0.897
1.033
1.053
0.927
1.000
0.906
0.896
0.988
0.967
1.071
0.982
0.934
0.956
0.948
0.943
0.909
0.950
0.887
0.945
0.954
1.155
0.923
0.888
0.952
0.954
0.912
0.960
0.885
0.893
0.919
0.870
1.053
1.079
0.982
0.976
0.987
1.022

Min: 0.754
Max: 1.155
Average: 0.954
Standard Deviation: 0.070

Testing bit2_adder/FPV_assert.sby:
1.481
1.750
1.758
1.772
2.219
1.969
2.071
2.460
1.549
1.626
1.605
1.525
1.637
1.572
1.530
1.559
1.877
1.781
1.670
1.460
1.514
1.506
1.509
1.468
1.515
1.583
2.222
1.582
1.473
1.458
1.455
1.398
1.449
1.450
1.492
1.594
1.505
1.809
1.809
1.595

Min: 1.398
Max: 2.460
Average: 1.656
Standard Deviation: 0.242

Testing bit4_adder/FPV.sby:
0.849
1.138
1.166
1.252
1.535
1.447
1.330
1.454
1.489
1.739
1.284
1.080
1.074
1.092
1.303
1.380
1.280
1.330
1.393
1.415
1.356
1.382
1.394
1.329
1.095
1.064
1.085
1.111
1.080
1.243
1.068
1.181
1.293
1.212
1.086
1.050
1.146
1.068
1.083
1.098

Min: 0.849
Max: 1.739
Average: 1.236
Standard Deviation: 0.175

Testing bit4_adder/FPV_assert.sby:
3.746
3.333
3.152
2.777
3.172
4.122
2.781
2.719
2.735
2.759
2.939
2.787
2.892
3.654
3.837
3.738
3.703
3.754
7.768
5.749
4.059
6.306
3.386
3.513
3.561
4.022
3.520
3.403
3.560
3.665
3.629
3.485
4.270
4.176
3.899
3.699
3.672
3.634
3.786
3.305

Min: 2.719
Max: 7.768
Average: 3.717
Standard Deviation: 0.965

Testing alu/FPV.sby:
6.771
7.124
7.421
7.776
7.691
6.154
6.169
7.088
7.119
6.801
7.457
5.832
6.059
6.343
5.337
6.058
7.190
6.208
6.067
5.729
7.803
8.158
7.582
7.180
8.439
8.412
7.729
7.894
8.515
8.119
7.674
6.550
7.486
7.543
7.076
7.641
7.070
7.004
6.934
6.879

Min: 5.337
Max: 8.515
Average: 7.102
Standard Deviation: 0.801

Testing alu/FPV_assert.sby:
7.130
8.125
7.620
6.968
7.106
6.968
7.144
6.988
7.146
7.672
7.441
7.120
7.019
7.206
7.873
7.940
7.785
7.976
8.295
7.882
8.409
8.213
8.587
7.005
7.276
7.885
7.139
7.258
7.076
7.260
7.687
6.949
7.170
7.472
7.071
7.972
7.537
6.975
7.401
7.869

Min: 6.949
Max: 8.587
Average: 7.490
Standard Deviation: 0.463

