Testing Robot:
1.134
0.990
1.025
0.960
0.969
1.146
1.453
1.411
1.448
1.505
1.726
1.494
1.425
1.595
1.398

Min: 0.960
Max: 1.726
Average: 1.312
Standard Deviation: 0.250

Testing Half_Adder:
1.578
1.464
1.426
1.659
1.850
1.706
1.772
1.818
1.794
1.762
1.741
1.731
1.699
1.664
1.467

Min: 1.426
Max: 1.850
Average: 1.675
Standard Deviation: 0.134

Testing Full_Adder:
1.742
1.774
2.545
3.391
1.860
1.694
1.692
1.581
1.713
1.723
1.684
1.858
1.691
1.626
1.690

Min: 1.581
Max: 3.391
Average: 1.884
Standard Deviation: 0.474

Testing ALU:
7.987
7.766
7.905
8.450
9.725
9.092
7.927
8.917
9.422
8.608
8.472
8.029
7.691
9.323
7.693

Min: 7.691
Max: 9.725
Average: 8.467
Standard Deviation: 0.685

Testing robot/FPV.sby:
1.502
5.805
5.275
3.631
1.958
1.644
1.677
1.770
1.652
1.672
1.711
1.577
1.555
1.531
1.542
1.556
1.600
1.529
1.596
1.790
1.629
1.619
1.722
1.685
1.631
1.994
1.978
1.678
1.539
1.487
1.479
1.491
1.469
1.570
1.863
1.832
1.616
1.584
1.691
1.833

Min: 1.469
Max: 5.805
Average: 1.899
Standard Deviation: 0.914

Testing robot/FPV_assert.sby:
1.732
1.781
1.894
2.077
2.298
1.755
1.778
2.131
1.864
2.741
2.126
1.880
1.691
1.807
1.707
1.823
1.923
2.286
2.113
2.171
1.806
1.870
2.563
3.554
2.806
1.887
1.932
2.309
1.924
1.826
1.886
2.301
2.035
1.831
1.783
1.692
1.717
2.711
2.714
2.933

Min: 1.691
Max: 3.554
Average: 2.091
Standard Deviation: 0.418

Testing half_adder/FPV.sby:
1.768
2.726
4.720
2.142
2.045
2.240
2.000
2.106
1.930
2.116
2.359
2.220
2.203
2.379
2.321
2.525
2.768
2.561
2.405
2.218
2.137
2.143
2.124
2.667
3.477
2.632
2.314
2.772
2.361
2.436
2.436
2.586
2.013
2.046
2.028
1.899
1.900
2.059
2.833
2.038

Min: 1.768
Max: 4.720
Average: 2.366
Standard Deviation: 0.505

Testing half_adder/FPV_assert.sby:
2.259
2.302
2.513
2.680
3.332
4.159
2.361
2.393
2.575
3.346
3.123
2.642
2.644
2.561
2.475
2.847
2.987
2.565
2.643
2.560
2.566
2.618
2.657
2.267
2.355
2.177
2.302
2.448
2.202
2.182
2.199
2.616
2.498
2.697
4.277
5.249
2.849
2.743
3.515
2.359

Min: 2.177
Max: 5.249
Average: 2.744
Standard Deviation: 0.627

Testing full_adder/FPV.sby:
1.496
1.780
1.840
1.899
1.846
1.856
1.949
1.765
1.760
1.763
1.996
1.824
1.809
2.101
2.013
1.768
1.854
1.776
1.847
1.833
1.846
1.881
1.782
1.709
1.828
1.864
1.740
2.074
2.247
1.855
2.000
1.777
1.706
1.878
1.890
1.709
1.593
1.717
1.761
2.030

Min: 1.496
Max: 2.247
Average: 1.842
Standard Deviation: 0.137

Testing full_adder/FPV_assert.sby:
2.362
2.702
2.468
2.553
3.020
2.717
2.744
3.138
3.598
2.904
3.274
5.141
3.982
2.883
2.957
2.586
2.419
2.516
2.712
2.579
2.539
2.419
2.495
2.327
2.375
2.261
2.261
2.355
2.504
2.264
2.244
2.336
2.379
2.440
2.352
1.900
2.184
2.170
1.840
1.956

Min: 1.840
Max: 5.141
Average: 2.621
Standard Deviation: 0.588

Testing bit2_adder/FPV.sby:
1.246
1.676
1.522
1.559
1.621
1.756
1.558
1.495
1.405
1.581
1.763
1.638
1.327
1.321
1.329
1.567
1.561
1.633
1.789
1.681
1.590
1.668
1.611
1.649
1.430
1.291
1.472
1.553
1.545
1.455
1.293
1.435
1.530
1.593
2.118
1.894
2.013
1.784
1.637
1.717

Min: 1.246
Max: 2.118
Average: 1.583
Standard Deviation: 0.188

Testing bit2_adder/FPV_assert.sby:
2.379
2.525
2.339
3.659
2.303
2.089
2.174
2.149
2.105
2.361
2.252
2.288
2.226
2.084
2.381
2.648
2.377
2.191
2.072
2.341
2.903
2.823
2.229
2.641
2.172
2.417
2.518
2.359
2.222
2.998
2.477
3.843
3.196
2.069
2.383
2.155
2.071
2.646
2.990
2.268

Min: 2.069
Max: 3.843
Average: 2.458
Standard Deviation: 0.410

Testing bit4_adder/FPV.sby:
1.400
1.857
1.707
1.747
1.654
1.797
1.966
1.558
1.618
1.855
1.742
1.905
1.746
2.017
1.754
1.872
1.865
2.171
1.920
1.962
1.708
1.783
2.113
1.779
1.749
1.771
2.138
1.976
1.644
1.831
1.561
2.118
1.920
2.086
2.624
2.768
2.963
4.073
4.870
3.357

Min: 1.400
Max: 4.870
Average: 2.074
Standard Deviation: 0.681

Testing bit4_adder/FPV_assert.sby:
5.989
5.245
4.701
4.560
4.051
3.725
3.716
3.983
4.006
3.503
4.146
4.070
3.665
3.866
5.741
5.252
5.214
4.594
4.895
4.497
4.298
3.751
4.160
3.848
3.725
4.310
3.853
3.623
4.779
4.385
3.599
4.649
4.792
4.253
3.830
3.501
3.917
4.078
4.534
4.437

Min: 3.501
Max: 5.989
Average: 4.294
Standard Deviation: 0.604

