Testing robot/FPV.sby:
0.827
0.834
0.806
0.818
0.767
0.820
0.895
0.805
0.795
0.816
0.787
0.845
0.916
0.825
0.902
0.839
0.853
0.971
0.809
0.837
0.820
1.067
0.969
0.836
0.806
0.831
0.902
0.955
1.020
0.903
0.841
0.823
0.816
0.815
0.798
0.753
0.819
0.947
0.932
0.938
0.850
0.925
0.845
0.860
0.850
0.833
0.805
0.881
0.874
0.812
0.799
0.818
0.830
0.997
1.012
1.008
1.013
1.085
1.069
1.102
1.068
1.074
1.010
1.124
1.545
1.342
1.060
1.061
0.990
1.025
1.030
1.017
0.831
0.924
0.977
0.976
0.819
0.934
1.032
0.905
1.027
1.145
1.123
1.108
1.074
1.011
1.097
0.995
0.900
0.863
0.952
0.988
1.108
1.085
1.066
1.027
0.966
1.016
1.050
1.064
1.033
1.049
1.021
0.980
1.039
0.808
0.855
0.909
0.844
0.808
0.819
0.799
0.837
0.793
0.813
0.840
1.014
1.001
1.033
0.864
0.845
0.867
1.046
0.931
0.800
0.815
0.873
0.877
0.818
0.819
0.808
0.917
0.959
0.790
0.833
0.918
1.036
1.121
0.955
0.873
0.797
0.839
0.803
1.028
1.110
0.945
0.983
0.845
0.808
0.809

Min: 0.753
Max: 1.545
Average: 0.927
Standard Deviation: 0.120

Testing robot/FPV_assert.sby:
0.843
1.078
0.980
1.050
1.101
1.026
1.107
1.314
1.332
1.252
1.322
1.306
1.286
1.240
1.313
1.366
1.196
1.034
1.096
1.082
1.099
1.094
1.212
1.137
1.075
1.080
1.077
1.126
1.109
1.194
1.105
1.033
1.254
1.181
1.006
0.955
0.985
0.973
0.964
1.322
1.307
1.350
1.288
1.300
1.270
1.263
1.221
1.122
1.272
1.288
1.045
1.075
1.095
1.170
1.088
1.130
1.196
1.233
1.089
1.090
1.163
1.059
1.114
1.094
1.073
1.111
1.243
1.140
1.085
1.112
1.088
1.049
1.033
1.050
1.180
1.532
1.466
1.108
1.051
1.132
0.984
1.035
1.044
1.056
1.036
1.031
1.077
1.368
1.858
1.099
1.098
1.225
1.910
1.802
1.508
1.504
1.417
1.441
1.246
1.573
1.642
1.328
1.231
1.291
1.093
1.211
1.156
1.096
1.189
1.072
1.108
1.035
1.178
1.194
1.096
1.078
0.986
1.026
1.009
1.048
1.084
1.019
0.988
1.023
1.028
0.991
1.007
1.042
0.998
1.116
1.108
1.061
1.059
1.052
1.085
1.133
1.096
1.098
1.131
1.151
1.111
1.127
1.219
1.282
1.139
1.128
1.144
1.268
1.336
1.172

Min: 0.843
Max: 1.910
Average: 1.164
Standard Deviation: 0.166

Testing half_adder/FPV.sby:
0.836
0.934
0.941
1.010
1.124
1.051
1.198
1.010
0.926
0.903
0.892
0.966
0.874
0.862
0.846
0.840
0.908
0.890
0.864
0.905
0.983
1.013
1.119
1.200
1.007
0.922
1.025
0.924
0.983
0.954
0.934
0.890
0.923
0.938
0.933
0.936
0.928
1.165
1.032
0.966
0.954
0.915
0.926
0.894
0.966
0.914
0.904
0.903
0.874
0.844
0.853
0.863
0.895
0.958
1.065
1.205
1.217
1.104
1.187
1.097
1.102
1.103
1.112
1.079
1.081
1.113
1.160
1.139
1.232
1.263
1.150
1.238
1.152
1.118
1.137
1.105
1.103
1.067
1.083
1.115
1.189
1.128
1.117
1.060
1.111
1.124
1.158
1.073
1.080
1.054
1.052
1.019
1.023
0.989
1.048
0.996
1.013
1.015
1.000
0.990
1.015
1.010
1.017
1.035
1.060
1.568
1.355
1.151
1.252
1.160
1.130
1.189
1.262
1.118
1.176
1.166
1.331
1.277
1.269
1.376
1.395
1.259
1.278
1.472
1.502
1.242
1.101
1.148
1.105
1.130
1.186
1.190
1.273
1.135
1.185
1.127
1.159
1.110
1.199
1.199
1.159
1.200
1.119
1.145
1.125
1.213
1.172
1.058
1.164
1.005

Min: 0.836
Max: 1.568
Average: 1.078
Standard Deviation: 0.140

Testing half_adder/FPV_assert.sby:
1.004
1.135
1.132
1.177
1.136
1.128
1.188
1.133
1.229
1.165
1.107
1.144
1.298
1.131
1.172
1.433
1.517
1.564
1.516
1.566
1.554
1.505
1.337
1.223
1.681
1.374
1.206
1.235
1.212
1.192
1.243
1.395
1.367
1.350
1.395
1.352
1.397
1.498
1.430
1.132
1.271
1.123
1.406
1.286
1.177
1.194
1.184
1.400
1.211
1.305
1.264
1.262
1.215
1.303
1.372
1.326
1.196
1.118
1.124
1.182
1.334
1.186
1.142
1.214
1.200
1.191
1.569
1.603
1.566
1.586
1.546
1.613
1.650
1.447
1.430
1.462
1.399
1.256
1.212
1.168
1.172
1.274
1.440
1.343
1.272
1.357
1.206
1.179
1.184
1.150
1.147
1.110
1.128
1.116
1.178
1.071
1.127
1.123
1.273
1.730
1.301
1.318
1.229
1.231
1.413
1.550
1.519
1.420
1.408
1.458
1.413
1.493
1.560
1.293
1.205
1.228
1.205
1.391
1.240
1.484
1.336
1.427
1.397
1.187
1.186
1.304
1.212
1.270
1.238
1.223
1.220
1.238
1.269
1.418
1.329
1.308
1.267
1.474
1.341
1.203
1.235
1.182
1.285
1.237
1.129
1.286
1.430
1.387
1.136
1.168

Min: 1.004
Max: 1.730
Average: 1.299
Standard Deviation: 0.147

Testing full_adder/FPV.sby:
0.727
0.944
0.954
0.875
0.967
0.927
0.923
0.940
0.962
0.942
1.035
0.968
1.036
1.058
1.121
0.962
1.078
1.144
1.193
1.142
1.022
0.957
1.140
1.105
1.055
0.967
1.065
1.137
1.136
0.981
0.915
1.037
0.981
0.885
0.999
0.907
0.968
0.877
0.818
1.264
1.100
0.869
0.839
0.853
1.066
1.059
1.050
0.869
0.873
1.091
0.908
1.081
0.956
0.900
0.901
1.033
1.064
1.159
1.192
0.919
0.933
0.962
0.952
0.948
0.924
0.931
1.028
1.159
1.156
0.993
1.038
0.934
1.051
1.012
0.931
0.959
1.104
1.157
1.239
1.067
0.960
0.924
0.952
0.997
1.301
1.096
0.941
0.959
0.917
0.951
0.930
0.976
0.911
0.896
0.884
0.874
0.929
1.001
1.024
1.076
1.144
1.204
1.148
1.801
1.403
1.245
1.234
1.213
1.194
1.242
1.138
2.080
1.317
1.159
1.132
1.155
1.266
1.210
1.163
0.968
1.150
1.187
0.956
1.002
1.147
1.075
1.508
1.283
1.206
1.229
1.227
1.127
1.201
1.125
1.008
0.927
0.914
1.080
1.262
1.189
0.957
0.956
0.918
0.981
1.012
1.084
0.933
0.929
0.900
1.050

Min: 0.727
Max: 2.080
Average: 1.052
Standard Deviation: 0.166

Testing full_adder/FPV_assert.sby:
1.442
1.421
1.360
1.373
1.446
1.439
1.532
1.512
1.398
1.423
1.409
1.458
1.455
1.682
1.417
1.517
1.431
1.586
1.739
1.454
1.443
1.497
1.670
1.720
1.703
1.396
1.404
1.428
1.482
1.634
1.643
1.780
1.751
1.794
1.804
1.699
1.617
1.637
1.836
1.645
1.766
1.661
1.622
1.617
1.750
1.646
1.636
1.632
1.609
1.786
1.607
1.577
3.328
1.851
1.713
1.713
1.795
1.773
1.814
1.956
1.738
1.632
1.524
1.656
1.624
1.706
1.623
1.482
1.566
1.744
1.594
1.697
1.612
1.587
1.724
1.679
1.665
1.627
1.669
1.742
1.783
1.764
1.692
1.711
1.715
1.455
1.525
1.616
1.522
1.559
1.488
1.484
1.495
1.557
1.540
1.435
1.688
1.802
1.523
1.459
1.559
1.561
1.572
1.591
1.571
1.573
1.752
1.807
1.846
1.561
1.501
1.584
1.508
1.512
1.479
1.565
1.569
1.521
1.517
1.550
1.574
1.578
1.561
1.664
1.525
1.550
1.553
1.628
1.770
1.754
1.721
1.508
1.528
1.482
1.609
1.583
1.672
1.514
1.495
1.475
1.593
1.546
1.497
1.540
1.618
1.536
1.675
1.865
1.691
1.665

Min: 1.360
Max: 3.328
Average: 1.615
Standard Deviation: 0.186

Testing bit2_adder/FPV.sby:
0.791
1.040
0.961
0.991
0.973
0.975
0.977
0.938
0.982
0.949
0.983
0.987
0.973
0.981
0.964
1.047
1.215
1.164
1.192
1.257
1.190
1.200
1.168
1.145
1.203
1.191
1.222
1.296
1.238
1.150
1.021
0.991
1.002
1.062
1.140
1.018
1.072
0.998
1.011
1.185
1.235
1.271
1.294
1.290
1.194
1.182
1.020
1.027
1.054
1.074
1.036
1.234
1.174
1.016
1.039
1.131
1.026
0.996
1.041
0.951
1.120
1.146
1.103
1.080
1.071
0.941
0.949
0.968
0.975
1.101
1.087
1.039
0.993
1.007
1.066
1.079
1.155
1.052
1.029
0.998
1.038
1.011
1.022
1.088
1.059
0.979
0.979
1.058
1.028
1.049
1.286
1.185
1.264
1.198
1.038
1.046
1.022
1.077
0.970
0.951
0.944
0.964
0.973
0.963
1.005
1.005
1.141
1.141
1.028
0.988
1.050
1.209
1.120
1.036
1.044
1.016
0.992
1.015
1.167
1.192
1.154
1.072
1.034
1.009
0.994
0.967
1.012
1.029
1.081
1.002
0.988
0.938
0.982
0.975
1.078
0.946
0.958
0.975
0.990
0.972
0.976
1.044
0.988
0.980
0.983
0.982
1.013
1.025
1.032
1.123

Min: 0.791
Max: 1.296
Average: 1.058
Standard Deviation: 0.095

Testing bit2_adder/FPV_assert.sby:
1.451
1.602
1.572
1.747
1.595
1.566
1.617
1.551
1.702
1.683
1.589
1.593
1.611
1.815
1.630
1.550
1.480
1.516
1.459
1.596
1.660
1.528
1.644
1.906
1.917
2.064
1.889
2.014
1.909
1.672
1.656
1.578
1.593
2.003
1.880
1.725
1.574
1.632
1.870
1.836
1.603
1.613
1.610
1.618
1.627
1.598
1.571
1.565
1.621
1.652
1.873
1.581
1.623
1.603
1.544
1.554
1.642
1.784
1.541
1.519
1.516
1.506
1.627
1.792
1.604
1.602
1.679
1.647
1.570
1.620
1.608
1.594
1.799
1.891
1.666
1.990
1.960
1.811
1.619
1.708
1.858
1.608
1.526
1.766
1.709
1.744
1.993
2.056
1.918
2.227
2.241
2.578
2.153
2.149
1.838
1.768
1.870
1.890
1.934
2.130
2.116
2.078
2.002
1.942
1.873
1.942
1.962
1.959
1.896
1.747
1.925
1.877
1.983
1.914
1.895
1.655
1.972
1.861
1.897
1.692
1.667
1.663
1.758
1.778
1.663
1.628
1.657
1.625
1.732
1.620
1.675
1.671
1.681
1.664
1.614
1.725
1.833
1.829
1.884
1.875
1.962
1.784
1.597
1.672
1.610
1.717
1.901
1.857
1.889
1.607

Min: 1.451
Max: 2.578
Average: 1.751
Standard Deviation: 0.186

Testing bit4_adder/FPV.sby:
0.841
1.060
1.088
1.065
1.071
1.151
1.265
1.230
1.061
1.098
1.083
1.163
1.364
1.246
1.099
1.077
1.068
1.105
1.102
1.076
1.060
1.080
1.114
1.080
1.048
1.161
1.016
1.061
1.015
1.236
1.172
1.032
0.993
1.058
1.298
1.238
1.203
1.061
1.130
1.224
1.399
1.188
1.097
1.081
1.185
1.188
1.154
1.050
1.087
1.126
1.080
1.119
1.137
1.077
1.035
1.058
1.067
1.062
1.017
1.077
1.034
1.169
1.285
1.075
1.074
1.154
1.088
1.134
1.098
1.123
1.094
1.095
1.096
1.118
1.177
1.058
1.057
1.102
1.095
1.174
1.089
1.101
1.087
1.097
1.067
1.127
1.196
1.201
1.087
1.228
1.110
1.036
1.278
1.170
1.070
1.236
1.199
1.100
1.236
1.342
1.358
1.338
1.338
1.262
1.301
1.234
1.247
1.229
1.344
1.284
1.351
1.316
1.278
1.141
1.263
1.188
1.151
1.210
1.094
1.091
1.032
1.082
1.152
1.100
1.132
1.115
1.256
1.309
1.128
1.172
1.439
1.323
1.432
1.290
1.281
1.361
1.384
1.275
1.372
1.304
1.257
1.332
1.361
1.236
1.184
1.300
1.100
1.224
1.059
1.113

Min: 0.841
Max: 1.439
Average: 1.162
Standard Deviation: 0.107

Testing bit4_adder/FPV_assert.sby:
2.986
3.433
3.585
3.001
2.899
3.312
3.197
3.341
3.305
2.987
2.917
2.870
3.187
3.251
3.800
3.544
3.544
3.222
2.776
3.057
3.509
3.867
3.480
3.836
4.341
2.840
3.048
3.313
3.082
2.750
2.889
2.828
3.000
3.172
2.805
3.362
3.002
2.835
3.304
3.376
2.749
2.784
2.702
3.239
3.605
3.475
3.412
3.297
3.111
2.851
2.981
2.993
2.997
2.795
2.889
2.796
2.766
2.851
2.856
2.767
3.025
2.818
2.851
2.923
2.689
3.138
2.978
3.072
3.392
3.238
3.342
3.557
3.426
2.807
2.844
2.870
3.297
3.007
2.838
2.767
2.843
2.850
2.830
2.824
2.776
3.237
3.085
2.930
2.948
2.796
2.685
2.705
3.150
3.120
2.775
3.750
3.627
3.020
2.833
3.115
2.883
3.499
3.015
2.880
2.901
3.505
3.219
2.879
3.576
3.509
3.200
3.442
3.163
3.195
3.472
3.641
3.189
2.991
2.871
2.766
2.866
2.948
3.441
3.673
3.682
3.021
2.866
3.061
2.920
2.740
2.823
3.635
3.109
2.935
3.260
2.882
2.867
2.809
2.805
2.916
2.876
2.923
2.826
2.752
3.140
3.369
2.961
3.079
3.108
2.843

Min: 2.685
Max: 4.341
Average: 3.097
Standard Deviation: 0.306

Testing alu/FPV.sby:
5.339
5.315
5.440
5.571
5.076
5.172
5.262
5.153
5.249
5.727
5.150
5.401
5.414
5.395
5.622
5.497
5.109
5.010
5.000
5.002
6.871
5.434
5.587
5.701
5.171
6.192
5.708
5.964
10.337
9.658
6.854
7.648
8.638
7.927
7.228
5.929
6.062
6.106
6.606
7.150
7.419
6.304
5.747
5.908
6.684
5.855
6.064
6.202
5.786
5.710
6.312
5.807
5.131
5.037
4.925
5.061
5.434
6.792
5.911
6.186
5.652
5.653
5.586
5.932
5.888
5.687
5.672
5.436
6.077
5.921
5.908
6.077
5.972
5.477
5.969
6.155
5.027
5.498
5.540
5.641
7.039
6.410
7.240
5.778
5.394
5.586
6.233
5.253
6.102
6.965
8.271
7.134
7.084
5.589
6.325
5.198
5.444
4.991
5.275
5.163
6.561
6.108
5.639
6.111
5.097
4.984
5.114
5.138
5.196
5.209
6.037
5.401
5.439
5.087
5.020
5.826
6.428
5.284
5.186
7.027
5.359
6.275
6.268
6.102
5.305
5.065
5.747
6.030
7.462
5.227
5.841
5.198
5.221
5.518
5.543
5.139
4.825
4.913
4.887
5.496
6.725
7.175
6.366
6.948
6.385
5.203
5.524
5.023
4.979
6.448

Min: 4.825
Max: 10.337
Average: 5.882
Standard Deviation: 0.876

Testing alu/FPV_assert.sby:
6.082
7.327
6.637
5.590
5.075
5.888
5.629
5.095
5.101
5.355
5.424
4.915
5.357
5.083
5.404
5.087
5.565
5.305
5.110
5.143
5.525
5.019
5.513
5.657
5.135
5.348
4.963
5.155
7.062
5.326
5.146
5.658
7.463
6.291
5.262
5.460
5.422
5.465
7.760
6.492
5.864
6.010
5.594
5.246
5.117
5.572
6.681
6.993
8.667
5.475
6.439
6.070
5.224
5.726
6.079
5.110
5.273
6.276
5.223
6.003
5.410
5.847
5.240
5.267
5.195
5.318
5.346
5.594
5.184
5.507
6.104
5.798
5.420
5.057
5.032
4.963
5.151
5.183
5.391
5.187
5.344
5.671
5.955
5.220
5.365
4.936
6.025
6.011
5.308
5.690
5.534
6.003
6.420
7.025
5.499
5.296
5.509
5.654
6.014
6.379
5.861
5.402
6.801
6.569
6.536
5.681
5.944
5.486
5.748
7.666
5.255
5.319
6.077
5.535
6.773
5.918
5.825
5.676
5.747
5.761
5.472
5.778
5.962
5.649
5.820
5.326
5.294
5.611
5.360
5.501
5.322
5.366
5.145
5.989
7.229
6.580
5.286
5.213
6.017
6.160
5.495
5.968
5.555
6.498
5.430
7.688
6.820
6.102
6.182
6.574

Min: 4.915
Max: 8.667
Average: 5.746
Standard Deviation: 0.654

