Testing robot/robot.pvl:
30.638
35.964
31.101
29.309
29.077
27.964
30.422
27.184
28.965
28.300
32.602
31.058
29.797
27.592
27.372
29.088
27.405
27.722
28.070
28.919
27.267
31.989
26.838
30.652
27.895
29.251
29.069
30.792
30.313
32.872
35.769
28.947
32.074
37.001
33.725
34.947
32.010
30.380
29.384
28.392

Min: 26.838
Max: 37.001
Average: 30.203
Standard Deviation: 2.588

Testing robot/robot_assert.pvl:
28.012
28.269
27.292
27.131
30.544
27.780
29.112
27.587
29.347
27.395
28.308
26.925
30.999
27.013
27.305
29.877
30.114
29.054
29.232
27.558
27.617
28.489
29.739
35.517
31.621
32.822
30.155
34.016
31.732
32.133
31.104
29.812
28.759
27.178
29.211
30.590
33.056
30.089
29.104
30.620

Min: 26.925
Max: 35.517
Average: 29.555
Standard Deviation: 2.061

Testing half_adder/half_adder.pvl:
20.999
21.373
20.114
21.347
19.812
20.785
23.105
20.179
20.335
21.417
22.226
19.997
21.052
20.796
21.618
21.151
22.644
20.846
22.642
21.535
21.590
24.117
27.501
20.991
21.389
21.888
24.269
21.863
24.105
22.322
23.214
25.349
22.309
21.968
22.720
23.748
21.031
21.488
20.902
22.743

Min: 19.812
Max: 27.501
Average: 21.987
Standard Deviation: 1.555

Testing half_adder/half_adder_assert.pvl:
21.181
20.560
21.225
21.126
20.656
20.822
22.650
21.065
20.785
22.971
21.850
21.807
20.089
21.514
21.480
20.350
21.409
21.559
20.357
21.670
23.243
22.050
21.482
22.945
26.668
25.006
23.126
21.297
24.422
22.616
25.185
29.946
24.182
26.987
25.477
24.962
23.672
26.636
23.843
21.998

Min: 20.089
Max: 29.946
Average: 22.772
Standard Deviation: 2.210

Testing full_adder/full_adder.pvl:
27.102
30.101
35.285
40.046
29.125
31.295
28.795
30.717
30.173
28.506
30.775
36.068
31.496
29.935
32.842
32.156
31.459
33.995
28.021
29.658
27.126
29.240
28.229
29.765
30.178
27.162
32.480
27.995
25.127
26.460
26.852
28.377
27.863
29.019
29.514
36.268
29.612
29.982
28.630
31.004

Min: 25.127
Max: 40.046
Average: 30.211
Standard Deviation: 2.969

Testing full_adder/full_adder_assert.pvl:
31.237
35.077
24.013
31.642
31.564
34.620
29.349
33.729
29.235
31.955
28.276
29.700
28.392
29.102
28.831
29.445
28.445
28.778
24.609
28.134
28.224
28.837
25.838
26.966
27.436
24.921
30.304
28.590
27.424
28.047
27.711
27.617
28.394
27.749
29.303
27.641
31.375
33.294
27.029
27.153

Min: 24.013
Max: 35.077
Average: 29.000
Standard Deviation: 2.497

Testing bit2_adder/bit2_adder.pvl:
47.174
51.534
44.265
47.275
46.290
45.187
43.475
45.222
45.184
43.652
45.458
45.449
47.308
45.895
47.289
45.162
47.263
48.280
50.738
47.895
46.453
48.303
45.347
46.996
44.921
48.494
46.997
52.855
46.090
44.359
45.816
53.610
46.870
48.582
48.298
47.922
51.495
53.817
53.499
52.279

Min: 43.475
Max: 53.817
Average: 47.575
Standard Deviation: 2.843

Testing bit2_adder/bit2_adder_assert.pvl:
115.863
102.873
108.280
112.651
111.079
109.928
113.040
118.916
114.439
104.099
108.265
101.815
107.243
112.698
108.232
111.708
110.457
103.489
103.305
104.347
99.476
108.155
108.669
105.698
106.368
122.270
99.845
122.183
102.747
105.868
107.286
110.883
101.440
111.900
111.033
99.277
108.874
100.855
105.819
110.234

Min: 99.277
Max: 122.270
Average: 108.290
Standard Deviation: 5.675

Testing bit4_adder/bit4_adder.pvl:
144.841
132.356
140.587
140.870
132.731
142.661
132.469
154.152
147.414
138.519
138.570
129.691
135.752
126.811
148.429
146.797
153.399
130.351
153.120
150.815
148.706
154.270
161.876
134.742
175.385
146.831
150.617
136.319
157.547
145.797
139.794
134.491
131.042
134.708
139.781
147.869
128.542
140.761
139.269
146.277

Min: 126.811
Max: 175.385
Average: 142.874
Standard Deviation: 10.166

Testing bit4_adder/bit4_adder_assert.pvl:
1903.116
1897.451
1934.758
1918.129
1923.967
1907.393
1930.611
1946.978
1941.682
1907.892
1894.287
2022.365
1907.611
1965.968
1929.608
1938.663
1915.032
1911.800
1909.121
1891.827
1931.250
1983.012
1995.620
1959.610
1943.918
1971.091
1963.518
1919.108
1920.609
1895.605
1893.047
1908.200
1917.325
1907.933
1920.410
1908.509
1864.332
1926.850
1907.215
1969.464

Min: 1864.332
Max: 2022.365
Average: 1927.622
Standard Deviation: 31.678

Testing alu2/alu2.pvl:
101.508
109.180
101.668
123.545
84.338
107.007
106.111
127.791
106.918
119.390
127.087
128.988
98.445
111.100
125.440
124.808
110.061
117.962
113.238
117.310
112.808
118.333
113.272
110.029
123.776
102.616
119.948
114.304
106.008
96.639
113.106
101.583
110.295
116.791
125.137
95.365
112.148
113.637
103.073
126.913

Min: 84.338
Max: 128.988
Average: 112.442
Standard Deviation: 10.281

Testing alu2/alu2_assert.pvl:
131.319
127.002
129.556
143.151
118.368
111.931
113.300
116.000
106.255
123.785
109.567
119.169
133.805
108.131
122.663
107.417
106.635
123.985
124.747
116.129
113.387
135.226
125.721
115.345
109.690
122.061
123.305
131.873
113.983
113.388
118.650
107.125
100.614
114.636
132.169
112.470
116.432
109.171
103.686
116.230

Min: 100.614
Max: 143.151
Average: 118.202
Standard Deviation: 9.747

Testing alu4/alu4.pvl:
112.405
119.121
102.256
113.390
130.845
109.556
116.206
98.224
112.683
119.175
126.827
119.354
123.936
123.278
105.169
115.072
119.674
123.441
124.823
112.819
105.872
132.834
119.258
108.183
109.946
105.122
121.067
115.671
110.041
117.672
109.725
122.766
99.260
102.039
98.390
116.141
112.007
104.141
105.884
116.475

Min: 98.224
Max: 132.834
Average: 114.019
Standard Deviation: 8.750

Testing alu4/alu4_assert.pvl:
100.227
114.090
107.681
104.605
130.668
105.072
125.524
128.298
109.114
104.925
113.840
105.383
126.858
106.200
129.730
102.416
116.942
121.202
115.361
123.748
117.544
106.910
105.025
132.124
117.846
122.319
116.457
123.864
110.315
104.848
121.073
121.106
125.089
107.512
117.067
109.272
109.134
127.045
105.175
117.503

Min: 100.227
Max: 132.124
Average: 115.228
Standard Deviation: 9.109

Testing alu8/alu8.pvl:
124.296
125.064
129.806
108.372
117.855
118.616
122.025
121.253
115.852
95.303
104.611
104.441
120.764
116.505
118.450
114.793
108.604
113.469
95.023
115.185
104.075
99.308
116.099
111.340
115.977
126.853
104.702
106.304
108.522
108.604
102.262
115.014
100.790
98.527
101.365
108.005
123.816
105.845
100.723
99.234

Min: 95.023
Max: 129.806
Average: 111.191
Standard Deviation: 9.266

Testing alu8/alu8_assert.pvl:
119.045
103.941
119.686
123.846
124.693
104.318
115.881
127.451
122.512
123.590
111.800
108.777
130.947
121.609
119.041
117.953
105.437
121.995
123.986
117.130
108.183
113.136
119.807
107.456
127.778
116.879
133.157
128.686
118.658
128.321
108.500
109.816
105.006
117.498
110.589
108.832
133.743
115.458
108.550
107.656

Min: 103.941
Max: 133.743
Average: 117.284
Standard Deviation: 8.483

Testing alu16/alu16.pvl:
94.711
107.400
108.357
117.710
129.868
109.236
108.527
120.763
102.073
95.592
114.398
120.570
118.684
101.954
94.396
130.394
127.343
99.740
114.287
98.871
110.747
116.293
115.120
113.261
98.344
118.123
110.851
103.500
112.888
120.916
107.573
101.319
96.459
104.069
120.356
113.526
92.543
101.180
124.092
117.888

Min: 92.543
Max: 130.394
Average: 110.348
Standard Deviation: 10.219

Testing alu16/alu16_assert.pvl:
120.254
104.148
99.945
120.916
106.537
115.119
118.919
121.747
137.067
107.333
117.361
108.132
109.713
105.384
127.864
123.533
113.345
119.369
108.040
109.670
115.811
121.719
130.301
138.306
127.251
102.526
100.366
105.408
106.103
120.804
124.198
132.941
108.216
102.151
124.418
121.590
101.115
117.079
107.921
129.415

Min: 99.945
Max: 138.306
Average: 115.801
Standard Deviation: 10.527

Testing alu31/alu31.pvl:
130.746
116.612
95.083
120.189
120.574
111.713
119.587
116.112
107.317
112.039
110.855
99.564
115.193
111.736
103.049
111.441
117.398
109.598
124.514
96.560
107.758
111.758
122.240
95.733
105.831
122.761
115.044
103.169
108.819
101.398
103.975
117.008
116.673
104.977
108.739
111.628
116.072
114.062
110.868
106.987

Min: 95.083
Max: 130.746
Average: 111.384
Standard Deviation: 8.050

Testing alu31/alu31_assert.pvl:
108.246
101.880
118.422
114.750
114.056
117.845
118.046
113.699
128.707
108.818
124.040
112.735
108.902
116.658
125.939
100.427
112.248
105.679
129.910
130.569
103.799
115.488
107.251
126.344
98.288
125.079
126.695
117.138
115.513
117.632
120.117
129.418
117.969
115.289
136.602
113.986
121.670
125.485
98.316
133.234

Min: 98.288
Max: 136.602
Average: 116.922
Standard Deviation: 9.695

Testing alu62/alu62.pvl:
82.438
83.309
73.599
80.851
78.523
75.018
81.279
79.589
76.772
76.209
73.319
75.202
86.910
74.248
74.533
71.236
77.709
72.548
70.108
71.244
83.908
74.603
82.526
58.895
86.533
80.685
73.385
71.774
69.870
74.705
83.300
78.393
75.082
64.984
71.484
69.978
70.857
63.853
72.080
70.372

Min: 58.895
Max: 86.910
Average: 75.298
Standard Deviation: 6.067

Testing alu62/alu62_assert.pvl:
128.918
121.808
135.879
113.691
119.611
123.013
131.705
119.821
125.669
119.682
129.535
121.318
120.021
112.888
122.006
128.040
118.598
119.136
144.527
121.022
113.193
149.468
115.269
121.832
126.968
130.448
119.859
115.286
124.773
122.840
119.881
119.214
133.081
133.603
129.737
128.885
119.517
116.506
124.474
130.723

Min: 112.888
Max: 149.468
Average: 124.311
Standard Deviation: 7.936

