Testing alu2/alu2.pvl:
48.080
44.466
52.933
50.948
48.553
52.882
45.732
46.247
46.358
55.215
55.340
50.216
50.768
54.194
53.833
53.013
56.977
52.480
46.740
55.501
46.861
49.524
47.175
49.293
46.360
47.791
45.740
48.747
48.247
58.344
47.140
45.271
51.691
48.805
48.171
54.273
49.511
47.787
45.857
45.152

Min: 44.466
Max: 58.344
Average: 49.805
Standard Deviation: 3.662

Testing alu2/alu2_assert.pvl:
52.806
51.046
52.229
58.133
55.818
61.073
64.945
56.870
54.659
57.794
59.571
52.420
54.577
65.995
77.371
58.465
59.215
63.124
65.073
52.444
56.354
55.953
54.442
54.118
59.004
53.423
56.644
56.747
60.729
53.821
54.274
55.954
53.510
59.179
50.048
50.455
54.038
51.495
55.923
57.240

Min: 50.048
Max: 77.371
Average: 56.924
Standard Deviation: 5.160

Testing alu4/alu4.pvl:
52.085
53.053
48.869
49.798
51.410
50.549
51.085
54.279
53.047
51.569
54.837
49.871
50.918
46.007
46.630
47.290
46.557
48.530
47.336
47.083
52.153
48.716
47.555
53.737
46.655
46.177
53.526
49.428
48.541
49.530
47.018
44.994
56.527
53.895
49.100
44.740
49.139
53.056
47.515
56.196

Min: 44.740
Max: 56.527
Average: 49.975
Standard Deviation: 3.117

Testing alu4/alu4_assert.pvl:
53.411
58.757
51.702
57.280
52.287
57.681
61.442
56.582
52.251
55.676
53.214
51.813
61.741
60.054
56.814
51.113
57.340
53.593
56.856
55.458
56.787
52.923
55.921
54.040
52.283
58.267
54.490
49.747
57.727
56.382
59.675
56.649
53.788
58.115
61.801
51.799
56.336
51.903
53.222
50.546

Min: 49.747
Max: 61.801
Average: 55.437
Standard Deviation: 3.189

Testing alu8/alu8.pvl:
48.742
50.684
54.458
47.444
46.838
49.231
45.466
55.211
52.396
46.688
53.520
51.659
54.017
48.531
45.369
53.001
48.316
47.947
46.767
48.545
53.599
50.318
51.705
48.100
49.047
57.824
50.462
53.361
57.748
61.065
50.790
52.987
51.297
51.794
52.124
47.119
51.019
51.147
46.541
52.700

Min: 45.369
Max: 61.065
Average: 50.890
Standard Deviation: 3.508

Testing alu8/alu8_assert.pvl:
59.327
57.825
55.317
55.249
55.296
51.278
54.040
55.240
59.858
57.155
56.072
51.450
50.792
59.838
54.060
56.904
57.308
56.716
52.414
52.384
59.504
59.128
56.825
56.781
55.177
52.620
59.544
52.507
55.877
55.995
56.637
50.739
57.797
52.795
54.012
57.545
53.358
53.626
57.161
52.553

Min: 50.739
Max: 59.858
Average: 55.468
Standard Deviation: 2.664

Testing alu16/alu16.pvl:
52.913
51.668
46.473
54.058
45.454
47.259
46.985
53.425
52.226
49.295
47.313
49.442
50.921
51.765
46.840
52.811
48.259
53.410
52.404
44.939
49.220
51.876
63.272
50.656
54.977
45.046
49.080
48.518
57.672
49.547
52.588
51.549
46.524
54.719
55.979
48.793
47.892
49.588
46.421
48.866

Min: 44.939
Max: 63.272
Average: 50.516
Standard Deviation: 3.758

Testing alu16/alu16_assert.pvl:
55.359
62.682
50.558
50.085
50.594
60.069
53.996
57.970
54.567
52.866
55.433
52.672
52.008
61.062
56.490
53.154
59.392
63.135
57.040
54.706
48.997
56.229
55.097
57.517
59.696
53.514
50.511
54.495
52.611
56.891
55.776
53.232
58.753
57.924
62.699
60.389
56.990
54.412
53.019
57.424

Min: 48.997
Max: 63.135
Average: 55.750
Standard Deviation: 3.629

Testing alu31/alu31.pvl:
49.260
51.854
62.281
49.186
48.801
51.105
51.506
51.935
48.105
51.102
51.503
48.864
54.621
49.333
49.992
51.376
45.788
50.795
53.610
53.520
53.907
45.963
48.909
54.125
48.870
52.543
44.566
53.688
55.049
49.098
52.941
51.995
58.598
52.160
48.905
49.586
49.428
48.539
48.853
53.068

Min: 44.566
Max: 62.281
Average: 51.133
Standard Deviation: 3.287

Testing alu31/alu31_assert.pvl:
*49.766
*52.882
*53.098
*58.654
*49.165
*54.794
*56.160
*53.449
*55.827
*52.621
*57.358
*53.688
*58.379
*55.235
*53.544
*51.633
*53.552
*56.722
*55.307
*52.204
*57.352
*51.319
*57.496
*59.202
*60.175
*59.728
*57.295
*52.722
*54.074
*53.796
*55.382
*58.275
*55.554
*55.467
*56.328
*56.636
*55.365
*56.179
*54.759
*57.298

Min: 49.165
Max: 60.175
Average: 55.211
Standard Deviation: 2.602

Testing alu62/alu62.pvl:
73.336
76.200
78.908
85.028
84.799
85.212
75.733
86.178
81.723
79.198
80.244
84.170
77.313
74.943
81.609
76.895
72.895
70.952
74.253
74.858
84.099
80.476
72.353
81.630
70.655
75.165
76.783
81.390
71.496
69.997
84.258
85.921
81.263
85.575
76.636
72.242
82.925
77.197
70.876
83.822

Min: 69.997
Max: 86.178
Average: 78.480
Standard Deviation: 5.070

Testing alu62/alu62_assert.pvl:
120.833
136.068
126.607
122.908
121.159
126.230
130.592
131.159
125.097
124.210
123.992
143.082
121.545
128.823
128.340
136.329
136.456
123.905
125.591
125.196
129.218
127.064
131.991
118.696
140.236
129.781
123.490
132.674
134.475
135.116
128.703
137.100
163.792
132.254
142.469
138.536
119.604
132.638
137.176
130.326

Min: 118.696
Max: 163.792
Average: 130.587
Standard Deviation: 8.321

