Testing robot/robot.pvl:
30.638
35.964
31.101
29.309
29.077
27.964
30.422
27.184
28.965
28.300
32.602
31.058
29.797
27.592
27.372
29.088
27.405
27.722
28.070
28.919
27.267
31.989
26.838
30.652
27.895
29.251
29.069
30.792
30.313
32.872
35.769
28.947
32.074
37.001
33.725
34.947
32.010
30.380
29.384
28.392

Min: 26.838
Max: 37.001
Average: 30.203
Standard Deviation: 2.588

Testing robot/robot_assert.pvl:
28.012
28.269
27.292
27.131
30.544
27.780
29.112
27.587
29.347
27.395
28.308
26.925
30.999
27.013
27.305
29.877
30.114
29.054
29.232
27.558
27.617
28.489
29.739
35.517
31.621
32.822
30.155
34.016
31.732
32.133
31.104
29.812
28.759
27.178
29.211
30.590
33.056
30.089
29.104
30.620

Min: 26.925
Max: 35.517
Average: 29.555
Standard Deviation: 2.061

Testing half_adder/half_adder.pvl:
20.999
21.373
20.114
21.347
19.812
20.785
23.105
20.179
20.335
21.417
22.226
19.997
21.052
20.796
21.618
21.151
22.644
20.846
22.642
21.535
21.590
24.117
27.501
20.991
21.389
21.888
24.269
21.863
24.105
22.322
23.214
25.349
22.309
21.968
22.720
23.748
21.031
21.488
20.902
22.743

Min: 19.812
Max: 27.501
Average: 21.987
Standard Deviation: 1.555

Testing half_adder/half_adder_assert.pvl:
21.181
20.560
21.225
21.126
20.656
20.822
22.650
21.065
20.785
22.971
21.850
21.807
20.089
21.514
21.480
20.350
21.409
21.559
20.357
21.670
23.243
22.050
21.482
22.945
26.668
25.006
23.126
21.297
24.422
22.616
25.185
29.946
24.182
26.987
25.477
24.962
23.672
26.636
23.843
21.998

Min: 20.089
Max: 29.946
Average: 22.772
Standard Deviation: 2.210

Testing full_adder/full_adder.pvl:
27.102
30.101
35.285
40.046
29.125
31.295
28.795
30.717
30.173
28.506
30.775
36.068
31.496
29.935
32.842
32.156
31.459
33.995
28.021
29.658
27.126
29.240
28.229
29.765
30.178
27.162
32.480
27.995
25.127
26.460
26.852
28.377
27.863
29.019
29.514
36.268
29.612
29.982
28.630
31.004

Min: 25.127
Max: 40.046
Average: 30.211
Standard Deviation: 2.969

Testing full_adder/full_adder_assert.pvl:
31.237
35.077
24.013
31.642
31.564
34.620
29.349
33.729
29.235
31.955
28.276
29.700
28.392
29.102
28.831
29.445
28.445
28.778
24.609
28.134
28.224
28.837
25.838
26.966
27.436
24.921
30.304
28.590
27.424
28.047
27.711
27.617
28.394
27.749
29.303
27.641
31.375
33.294
27.029
27.153

Min: 24.013
Max: 35.077
Average: 29.000
Standard Deviation: 2.497

Testing bit2_adder/bit2_adder.pvl:
47.174
51.534
44.265
47.275
46.290
45.187
43.475
45.222
45.184
43.652
45.458
45.449
47.308
45.895
47.289
45.162
47.263
48.280
50.738
47.895
46.453
48.303
45.347
46.996
44.921
48.494
46.997
52.855
46.090
44.359
45.816
53.610
46.870
48.582
48.298
47.922
51.495
53.817
53.499
52.279

Min: 43.475
Max: 53.817
Average: 47.575
Standard Deviation: 2.843

Testing bit2_adder/bit2_adder_assert.pvl:
115.863
102.873
108.280
112.651
111.079
109.928
113.040
118.916
114.439
104.099
108.265
101.815
107.243
112.698
108.232
111.708
110.457
103.489
103.305
104.347
99.476
108.155
108.669
105.698
106.368
122.270
99.845
122.183
102.747
105.868
107.286
110.883
101.440
111.900
111.033
99.277
108.874
100.855
105.819
110.234

Min: 99.277
Max: 122.270
Average: 108.290
Standard Deviation: 5.675

Testing bit4_adder/bit4_adder.pvl:
144.841
132.356
140.587
140.870
132.731
142.661
132.469
154.152
147.414
138.519
138.570
129.691
135.752
126.811
148.429
146.797
153.399
130.351
153.120
150.815
148.706
154.270
161.876
134.742
175.385
146.831
150.617
136.319
157.547
145.797
139.794
134.491
131.042
134.708
139.781
147.869
128.542
140.761
139.269
146.277

Min: 126.811
Max: 175.385
Average: 142.874
Standard Deviation: 10.166

Testing bit4_adder/bit4_adder_assert.pvl:
1903.116
1897.451
1934.758
1918.129
1923.967
1907.393
1930.611
1946.978
1941.682
1907.892
1894.287
2022.365
1907.611
1965.968
1929.608
1938.663
1915.032
1911.800
1909.121
1891.827
1931.250
1983.012
1995.620
1959.610
1943.918
1971.091
1963.518
1919.108
1920.609
1895.605
1893.047
1908.200
1917.325
1907.933
1920.410
1908.509
1864.332
1926.850
1907.215
1969.464

Min: 1864.332
Max: 2022.365
Average: 1927.622
Standard Deviation: 31.678

Testing alu/alu.pvl:
107.209
124.337
124.360
114.049
106.759
103.918
107.285
110.288
112.331
105.420
109.717
110.094
103.149
109.935
118.974
113.055
115.566
111.407
113.887
116.365
117.553
113.324
113.549
103.983
115.644
112.975
110.007
104.354
114.304
113.924
113.206
110.592
108.252
104.384
111.467
107.701
107.720
117.559
113.420
110.800

Min: 103.149
Max: 124.360
Average: 111.570
Standard Deviation: 5.051

Testing alu/alu_assert.pvl:
126.221
126.925
118.984
129.434
117.505
129.621
131.090
134.533
133.027
116.767
133.790
119.928
125.499
131.563
134.487
116.452
121.369
118.944
128.998
123.383
128.247
120.494
140.017
125.991
124.115
119.774
123.095
125.936
121.794
120.523
118.851
117.377
115.013
122.662
122.254
128.227
121.063
129.195
119.063
125.299

Min: 115.013
Max: 140.017
Average: 124.688
Standard Deviation: 5.950

