Testing robot/robot.pvl:
37.280
42.249
43.040
39.884
35.954
45.856
37.548
36.772
35.722
38.499
41.422
36.782
36.044
38.226
34.379

Min: 34.379
Max: 45.856
Average: 38.644
Standard Deviation: 3.213

Testing half_adder/half_adder.pvl:
33.271
30.487
30.002
29.444
32.146
27.654
29.892
35.871
35.802
33.962
34.801
34.607
31.681
30.636
34.525

Min: 27.654
Max: 35.871
Average: 32.319
Standard Deviation: 2.571

Testing full_adder/full_adder.pvl:
56.847
55.317
61.337
60.777
63.684
59.303
53.710
55.974
55.261
57.994
55.878
63.519
60.564
59.840
60.984

Min: 53.710
Max: 63.684
Average: 58.733
Standard Deviation: 3.130

Testing alu/alu.pvl:
142.914
138.235
135.391
131.140
129.381
144.089
134.963
141.679
135.702
135.921
121.881
129.486
142.136
154.463
137.432

Min: 121.881
Max: 154.463
Average: 136.987
Standard Deviation: 7.687

