Testing robot/robot.pvl:
32.665
33.406
32.819
32.156
33.318
34.322
29.579
29.491
33.464
35.458
33.122
33.955
32.289
46.514
38.808
33.717
32.354
31.839
30.619
34.003
35.503
31.472
36.880
33.124
36.661
31.905
30.936
33.446
28.281
30.941
29.723
29.555
29.397
31.009
31.017
29.648
27.745
34.171
31.879
33.333

Min: 27.745
Max: 46.514
Average: 32.763
Standard Deviation: 3.250

Testing robot/robot_assert.pvl:
34.978
28.686
33.152
29.998
31.723
30.177
29.853
28.203
30.878
30.154
30.449
30.380
29.749
32.843
29.401
29.590
29.551
31.013
29.910
31.560
27.994
30.605
32.052
32.025
28.107
30.750
29.264
28.090
30.064
35.378
31.921
39.126
31.652
31.169
30.254
30.636
28.106
31.135
30.625
31.154

Min: 27.994
Max: 39.126
Average: 30.809
Standard Deviation: 2.137

Testing half_adder/half_adder.pvl:
22.539
23.531
22.201
30.430
27.899
23.610
22.952
23.870
21.991
22.972
22.154
22.782
21.690
21.663
21.976
21.656
22.766
24.819
23.518
21.991
23.085
21.822
22.910
22.007
21.774
26.177
23.158
23.452
25.776
26.012
26.081
25.436
27.592
26.541
26.602
30.838
26.841
27.178
39.468
37.242

Min: 21.656
Max: 39.468
Average: 24.925
Standard Deviation: 3.944

Testing half_adder/half_adder_assert.pvl:
27.326
26.037
27.871
27.111
25.099
27.999
26.418
24.836
27.111
33.195
28.506
28.012
27.289
28.875
31.635
29.639
23.908
26.855
28.216
32.261
37.415
31.401
26.592
32.294
27.194
28.987
24.828
24.052
24.291
27.574
27.209
28.694
33.279
30.248
26.779
26.349
26.882
23.125
23.249
26.533

Min: 23.125
Max: 37.415
Average: 27.879
Standard Deviation: 3.025

Testing full_adder/full_adder.pvl:
34.178
33.423
36.470
33.781
34.055
37.203
39.254
38.906
36.373
36.245
43.409
34.867
42.997
36.623
37.087
34.586
33.686
34.363
35.896
35.669
35.461
35.619
33.339
34.503
33.551
36.350
39.987
35.332
35.727
35.659
36.396
33.136
32.697
33.686
38.995
36.352
41.073
34.940
33.028
33.275

Min: 32.697
Max: 43.409
Average: 35.954
Standard Deviation: 2.610

Testing full_adder/full_adder_assert.pvl:
35.373
35.433
29.692
30.769
34.915
35.174
31.066
29.443
30.242
30.919
29.844
28.013
28.311
29.081
30.628
32.279
28.795
31.994
27.786
31.252
30.527
29.460
29.747
32.624
33.230
34.729
35.978
27.264
30.084
30.769
32.326
30.022
30.675
29.197
30.154
31.433
29.562
29.898
34.253
32.412

Min: 27.264
Max: 35.978
Average: 31.134
Standard Deviation: 2.281

Testing bit2_adder/bit2_adder.pvl:
54.746
53.288
49.769
52.412
49.802
57.210
56.793
50.182
55.273
56.825
51.561
55.950
58.118
54.540
53.653
48.293
55.806
57.252
48.940
53.131
54.634
58.662
51.447
49.936
52.956
50.580
53.075
55.618
52.375
51.503
56.920
52.466
52.496
52.716
53.964
51.305
54.853
53.193
51.590
54.024

Min: 48.293
Max: 58.662
Average: 53.446
Standard Deviation: 2.624

Testing bit2_adder/bit2_adder_assert.pvl:
120.598
116.729
118.545
119.916
119.310
116.814
119.457
121.944
125.097
111.748
123.160
114.563
123.988
116.735
114.423
123.913
116.568
118.924
128.217
112.432
119.980
141.120
114.436
115.817
116.854
117.909
126.184
117.881
120.915
117.085
117.120
122.809
117.766
117.390
125.037
115.333
120.622
115.400
118.612
114.395

Min: 111.748
Max: 141.120
Average: 119.394
Standard Deviation: 5.185

Testing bit4_adder/bit4_adder.pvl:
142.036
156.372
156.793
158.026
154.639
146.658
158.698
151.207
155.218
158.857
164.534
145.237
162.383
168.222
157.022
162.619
154.342
153.944
160.251
149.537
171.441
158.390
163.771
149.405
147.473
160.179
163.251
156.738
161.943
150.200
152.181
154.232
154.821
154.028
154.465
142.819
159.150
149.421
162.259
165.055

Min: 142.036
Max: 171.441
Average: 156.195
Standard Deviation: 6.700

Testing bit4_adder_assert/bit4_adder_assert.pvl:
0.411
0.374
0.364
0.394
0.396
0.377
0.487
0.631
0.639
0.507
0.565
0.541
0.505
0.465
0.536
0.527
0.486
0.469
0.542
0.474
0.488
0.536
0.508
0.504
0.488
0.588
0.659
0.598
0.626
0.699
0.743
0.579
0.494
0.453
0.510
0.474
0.508
0.500
0.509
0.508

Min: 0.364
Max: 0.743
Average: 0.517
Standard Deviation: 0.086

Testing alu/Main.pvl:
0.427
0.409
0.390
0.388
0.389
0.395
0.400
0.426
0.453
0.460
0.494
0.449
0.437
0.399
0.428
0.454
0.406
0.425
0.450
0.427
0.392
0.382
0.386
0.378
0.388
0.384
0.380
0.383
0.378
0.387
0.382
0.383
0.373
0.420
0.380
0.376
0.378
0.418
0.432
0.435

Min: 0.373
Max: 0.494
Average: 0.408
Standard Deviation: 0.030

Testing alu_assert/Main.pvl:
0.450
0.431
0.409
0.414
0.387
0.376
0.404
0.419
0.394
0.434
0.454
0.461
0.374
0.384
0.387
0.758
0.483
0.440
0.392
0.395
0.374
0.384
0.377
0.380
0.377
0.431
0.509
0.515
0.551
0.574
0.524
0.486
0.403
0.402
0.371
0.376
0.377
0.372
0.381
0.389

Min: 0.371
Max: 0.758
Average: 0.430
Standard Deviation: 0.075

