Testing robot/robot.pvl:
26.317
26.566
31.411
29.335
35.656
29.096
31.942
30.219
34.127
32.098
30.339
29.280
29.822
29.350
29.265
30.355
28.755
28.843
31.751
31.504
32.417
27.868
28.173
29.918
28.461
27.766
30.413
28.356
27.737
32.638
38.464
28.382
28.636
30.864
31.281
31.031
30.672
28.381
28.185
28.827

Min: 26.317
Max: 38.464
Average: 30.113
Standard Deviation: 2.368

Testing robot/robot_assert.pvl:
27.414
30.289
28.330
27.929
26.110
27.501
26.474
29.318
29.264
26.035
27.585
25.605
30.017
27.808
28.129
27.235
28.572
26.528
27.284
31.130
27.733
28.867
29.206
33.372
30.759
27.653
27.023
30.558
31.886
29.878
29.599
28.991
29.361
27.152
29.130
29.142
28.798
29.023
27.252
27.488

Min: 25.605
Max: 33.372
Average: 28.536
Standard Deviation: 1.658

Testing half_adder/half_adder.pvl:
20.999
21.373
20.114
21.347
19.812
20.785
23.105
20.179
20.335
21.417
22.226
19.997
21.052
20.796
21.618
21.151
22.644
20.846
22.642
21.535
21.590
24.117
27.501
20.991
21.389
21.888
24.269
21.863
24.105
22.322
23.214
25.349
22.309
21.968
22.720
23.748
21.031
21.488
20.902
22.743

Min: 19.812
Max: 27.501
Average: 21.987
Standard Deviation: 1.555

Testing half_adder/half_adder_assert.pvl:
21.181
20.560
21.225
21.126
20.656
20.822
22.650
21.065
20.785
22.971
21.850
21.807
20.089
21.514
21.480
20.350
21.409
21.559
20.357
21.670
23.243
22.050
21.482
22.945
26.668
25.006
23.126
21.297
24.422
22.616
25.185
29.946
24.182
26.987
25.477
24.962
23.672
26.636
23.843
21.998

Min: 20.089
Max: 29.946
Average: 22.772
Standard Deviation: 2.210

Testing full_adder/full_adder.pvl:
31.631
35.178
27.819
27.361
28.847
31.484
31.452
30.625
32.221
27.419
28.247
29.618
29.192
28.222
28.573
34.547
37.482
48.466
34.527
28.820
27.360
30.008
39.382
31.002
30.471
31.904
28.615
28.953
32.601
27.875
29.529
27.751
25.955
26.267
29.571
26.079
26.885
25.312
27.940
27.606

Min: 25.312
Max: 48.466
Average: 30.320
Standard Deviation: 4.267

Testing full_adder/full_adder_assert.pvl:
29.309
28.976
26.003
27.837
26.159
29.182
27.514
27.491
27.203
29.863
28.328
29.452
27.961
26.450
26.035
34.252
31.230
29.236
27.074
26.573
27.510
31.929
29.315
27.666
27.252
29.784
27.540
27.352
28.537
38.885
32.813
27.298
28.677
27.629
26.072
27.065
27.205
26.899
27.423
26.395

Min: 26.003
Max: 38.885
Average: 28.484
Standard Deviation: 2.498

Testing bit2_adder/bit2_adder.pvl:
50.561
50.140
49.367
48.738
54.441
47.613
50.378
48.718
52.719
48.653
48.005
46.413
44.600
48.471
46.123
47.640
46.745
46.945
44.971
46.450
48.660
48.091
46.325
50.913
54.118
47.176
51.829
51.726
54.270
48.310
47.323
46.954
45.695
45.255
47.024
51.826
47.985
45.252
47.226
45.091

Min: 44.600
Max: 54.441
Average: 48.468
Standard Deviation: 2.640

